0.5	0.7930247984373092
0.5157894736842106	0.7967781776780812
0.531578947368421	0.8011734943975501
0.5473684210526316	0.803379655954375
0.5631578947368421	0.8053376698273549
0.5789473684210527	0.8067832841279011
0.5947368421052632	0.8068348896492236
0.6105263157894737	0.8071582918380573
0.6263157894736843	0.8072912199936982
0.6421052631578947	0.8075953237258745
0.6578947368421053	0.8076726250002675
0.6736842105263159	0.8072823686484066
0.6894736842105263	0.80651129374403
0.7052631578947369	0.8055358104397772
0.7210526315789474	0.8051834408711757
0.736842105263158	0.8038841231713273
0.7526315789473685	0.8021131690175948
0.768421052631579	0.8015871078291226
0.7842105263157895	0.8003913976112916
0.8	0.7992918485395318
